32
0 1410 1103 1465 1546 1385 1571 1575 1927 2019 1205 1074 1951 1595 2038 1455 1678 1533 1794 1118 1863 1303 1568 1969 1104 1764 1889 1432 1572 1976 1487 1121 
1410 0 1105 1233 2024 1513 1445 1117 1632 1712 1621 1290 1705 1625 1847 1420 1348 1754 1656 1304 1366 1964 1870 1265 1569 1842 1729 1198 1375 1919 1352 1890 
1103 1105 0 1279 1169 1641 1603 1163 1178 1811 1683 1460 1370 1436 1426 1048 1808 1419 1330 1129 1907 1106 1596 1916 1574 1043 1034 1402 1189 1875 1815 1377 
1465 1233 1279 0 2045 1157 1888 2032 1461 1374 1131 1587 1654 1191 1990 1149 1965 1675 1482 1199 1992 2005 1750 1559 1610 1463 1941 1529 1514 1447 1697 1051 
1546 2024 1169 2045 0 1378 1829 1857 1382 1144 1537 1732 1581 1904 1840 1464 1521 1101 1640 1062 1535 1264 1338 1082 1771 1399 1361 1852 1407 1109 1978 1299 
1385 1513 1641 1157 1378 0 1616 1095 1234 1583 1321 2015 1061 1736 1613 1780 1243 1110 1797 1532 1620 1456 1855 1700 1208 1655 2020 1244 1960 2036 1029 1127 
1571 1445 1603 1888 1829 1616 0 1740 1406 1897 1523 1542 1841 1966 1662 1812 1762 1356 1995 1326 1139 1851 1125 1801 1320 1201 1153 1695 1606 2047 1526 1443 
1575 1117 1163 2032 1857 1095 1740 0 1926 1339 1252 1946 1152 1291 1294 1553 1141 1864 1284 1183 1397 1310 1934 1988 1862 1276 1362 1689 1041 1650 1154 1488 
1927 1632 1178 1461 1382 1234 1406 1926 0 1938 1209 1956 1060 1063 1225 1433 1053 1578 1170 1896 1832 1497 1313 1793 1485 1534 1257 2008 1544 1123 1418 1748 
2019 1712 1811 1374 1144 1583 1897 1339 1938 0 1271 1929 1760 1256 1428 1528 1046 1261 1287 1782 1173 1345 1906 1383 1751 1278 1986 1177 1394 1770 1531 1471 
1205 1621 1683 1131 1537 1321 1523 1252 1209 1271 0 1599 1598 1744 2023 1474 1512 1767 1277 1092 1204 1680 1469 1079 1094 1928 1035 1133 1550 1682 1400 1507 
1074 1290 1460 1587 1732 2015 1542 1946 1956 1929 1599 0 1334 1342 1721 1549 1761 1994 1503 1130 1731 1195 1791 2046 1676 1325 1240 1931 1522 1250 1536 1879 
1951 1705 1370 1654 1581 1061 1841 1152 1060 1760 1598 1334 0 1798 1227 1347 1285 1336 1112 1600 1677 1644 1845 1476 1254 1346 1140 1867 1059 1452 1509 1027 
1595 1625 1436 1191 1904 1736 1966 1291 1063 1256 1744 1342 1798 0 1365 1538 1539 1985 1351 1843 1498 1495 1458 1619 1036 1540 1098 1084 1197 1971 1844 1623 
2038 1847 1426 1990 1840 1613 1662 1294 1225 1428 2023 1721 1227 1365 0 1866 1828 2022 1502 1253 1111 1289 1391 1713 1372 1107 1881 1618 1448 1047 1331 1910 
1455 1420 1048 1149 1464 1780 1812 1553 1433 1528 1474 1549 1347 1538 1866 0 1360 1390 1777 1099 1830 1858 1824 1451 1151 1113 1672 1582 1042 1126 1389 1354 
1678 1348 1808 1965 1521 1243 1762 1141 1053 1046 1512 1761 1285 1539 1828 1360 0 1554 1902 1221 1974 1122 2006 1350 1876 1067 1266 1316 1049 1087 1467 1711 
1533 1754 1419 1675 1101 1110 1356 1864 1578 1261 1767 1994 1336 1985 2022 1390 1554 0 1639 1942 1081 1605 1915 1816 1949 1935 1368 2009 1923 1518 1434 1914 
1794 1656 1330 1482 1640 1797 1995 1284 1170 1287 1277 1503 1112 1351 1502 1777 1902 1639 0 1541 1657 2021 1742 1415 1120 1886 1869 1412 1593 1306 1376 1584 
1118 1304 1129 1199 1062 1532 1326 1183 1896 1782 1092 1130 1600 1843 1253 1099 1221 1942 1541 0 1496 1072 1943 1772 1588 1853 1918 1506 1124 1755 1779 1075 
1863 1366 1907 1992 1535 1620 1139 1397 1832 1173 1204 1731 1677 1498 1111 1830 1974 1081 1657 1496 0 1473 1558 1298 1722 1069 1959 2011 1371 1246 1820 1275 
1303 1964 1106 2005 1264 1456 1851 1310 1497 1345 1680 1195 1644 1495 1289 1858 1122 1605 2021 1072 1473 0 1930 1416 1384 1607 1355 1388 1136 1787 1182 1912 
1568 1870 1596 1750 1338 1855 1125 1934 1313 1906 1469 1791 1845 1458 1391 1824 2006 1915 1742 1943 1558 1930 0 2048 1984 1892 1307 1286 1297 1803 1790 1073 
1969 1265 1916 1559 1082 1700 1801 1988 1793 1383 1079 2046 1476 1619 1713 1451 1350 1816 1415 1772 1298 1416 2048 0 2041 1877 2004 1586 1773 1720 2010 1878 
1104 1569 1574 1610 1771 1208 1320 1862 1485 1751 1094 1676 1254 1036 1372 1151 1876 1949 1120 1588 1722 1384 1984 2041 0 1735 1563 1692 1975 1175 1148 1052 
1764 1842 1043 1463 1399 1655 1201 1276 1534 1278 1928 1325 1346 1540 1107 1113 1067 1935 1886 1853 1069 1607 1892 1877 1735 0 1422 1757 1323 1030 1817 1231 
1889 1729 1034 1941 1361 2020 1153 1362 1257 1986 1035 1240 1140 1098 1881 1672 1266 1368 1869 1918 1959 1355 1307 2004 1563 1422 0 1671 1065 1386 2017 1489 
1432 1198 1402 1529 1852 1244 1695 1689 2008 1177 1133 1931 1867 1084 1618 1582 1316 2009 1412 1506 2011 1388 1286 1586 1692 1757 1671 0 1283 1483 1519 1217 
1572 1375 1189 1514 1407 1960 1606 1041 1544 1394 1550 1522 1059 1197 1448 1042 1049 1923 1593 1124 1371 1136 1297 1773 1975 1323 1065 1283 0 1515 2029 1429 
1976 1919 1875 1447 1109 2036 2047 1650 1123 1770 1682 1250 1452 1971 1047 1126 1087 1518 1306 1755 1246 1787 1803 1720 1175 1030 1386 1483 1515 0 1552 1192 
1487 1352 1815 1697 1978 1029 1526 1154 1418 1531 1400 1536 1509 1844 1331 1389 1467 1434 1376 1779 1820 1182 1790 2010 1148 1817 2017 1519 2029 1552 0 1296 
1121 1890 1377 1051 1299 1127 1443 1488 1748 1471 1507 1879 1027 1623 1910 1354 1711 1914 1584 1075 1275 1912 1073 1878 1052 1231 1489 1217 1429 1192 1296 0 
